10 22 5
11 25 7
12 23 11
13 11 6
14 30 13
15 26 20
16 94 21
17 40 28
18 34 54
19 67 48
20 33 24
21 55 30
22 64 52
23 49 37
24 71 82
25 102 50
26 86 54
27 98 84
28 107 86
29 104 93
30 163 86
31 168 113
32 191 164
33 146 146
34 215 163
35 179 288
36 407 179
37 232 193
38 265 245
39 315 230
40 324 275
41 312 240
42 394 327
43 462 300
44 611 481
45 375 587
46 522 389
47 687 452
48 616 446
49 764 480
50 542 438
51 591 747
52 1191 744
53 630 747
54 971 599
55 945 648
56 950 831
57 767 835
58 1279 1206
59 1073 1271
60 842 769
61 1134 866
62 1234 1139
63 1178 1247
64 1218 963
65 1162 975
66 1727 1159
67 1635 1120
68 1592 1623
69 1810 1927
70 2730 1447
71 1502 1471
72 2661 1756
73 1626 1462
74 1937 1705
75 1691 2224
76 1801 1731
77 2049 2550
78 2045 2225
79 2251 2084
80 3577 2459
81 2355 2155
82 2848 2538
83 2932 2575
84 2459 3866
85 2614 2433
86 3283 10882
87 3187 11040
88 3021 2604
89 3639 11627
90 3697 3261
91 3695 3864
92 4208 4170
93 4380 3910
94 5171 3939
95 3884 3551
96 4733 11892
97 4250 12036
98 4709 5318
99 3986 12373
