100 5731 4623
110 6558 6661
120 8219 8041
130 10351 10208
140 14126 14779
150 17343 15776
160 21274 19372
170 23751 23731
180 30120 28081
190 37251 35027
200 40328 39929
210 48649 48773
220 53312 55581
230 63115 60836
240 73578 69619
250 86237 74867
260 96630 87409
270 106805 97174
280 120798 126156
290 128002 122706
300 154523 136566
310 153020 139293
320 180246 154707
330 185038 172794
340 200320 184673
350 214247 203017
360 251516 233296
370 270649 242057
380 287838 282533
390 305561 279926
400 344132 313653
410 354528 327295
420 387860 373081
430 406556 402058
440 436790 447287
450 464258 432670
460 521512 492803
470 528573 507020
480 579029 542716
490 637437 563942
500 633418 623808
510 1.01918e+06 1.02055e+06
520 695081 687842
530 744548 730882
540 787700 786859
550 860037 811423
560 899932 896776
570 937023 902306
580 1.01078e+06 975107
590 1.03865e+06 1.04468e+06
600 1.15164e+06 1.12269e+06
610 1.17446e+06 1.20041e+06
620 1.25042e+06 1.29986e+06
630 1.29624e+06 1.28172e+06
640 1.40521e+06 1.39028e+06
650 1.46944e+06 1.3944e+06
660 1.49697e+06 1.50545e+06
670 1.56804e+06 1.57468e+06
680 1.78737e+06 1.71576e+06
690 1.78712e+06 1.7564e+06
700 1.84059e+06 1.9849e+06
710 1.90331e+06 1.85895e+06
720 2.13301e+06 2.14072e+06
730 2.2815e+06 2.19828e+06
740 2.33612e+06 2.32643e+06
750 2.74876e+06 2.3276e+06
760 2.61719e+06 2.48121e+06
770 2.67736e+06 2.48747e+06
780 2.71736e+06 2.67289e+06
790 2.85964e+06 2.70785e+06
800 3.51359e+06 6.33627e+06
810 8.73075e+06 3.121e+06
820 3.43947e+06 3.48524e+06
830 3.38659e+06 3.24292e+06
840 3.51215e+06 3.54498e+06
850 3.61182e+06 3.6792e+06
860 4.05316e+06 3.87525e+06
870 3.74966e+06 3.75329e+06
880 4.49333e+06 6.99965e+06
890 5.17156e+06 4.1455e+06
900 4.28713e+06 4.20208e+06
910 4.28445e+06 4.24106e+06
920 4.66934e+06 4.69828e+06
930 4.7276e+06 4.67274e+06
940 5.09825e+06 4.78638e+06
950 5.26515e+06 4.86947e+06
960 5.32135e+06 5.20224e+06
970 5.27565e+06 5.2504e+06
980 5.58474e+06 5.59167e+06
990 5.66707e+06 5.45036e+06
